(194,80)(3.761734)(0)(3)
(119,60)(4.313331)(6025)(1)
(257,61)(4.101781)(4330)(1)
(323,62)(4.165202)(16965)(1)
(176,65)(3.878938)(549)(1)
(299,69)(4.065222)(11146)(1)
(272,75)(4.239181)(6109)(1)
(318,110)(3.714654)(16276)(1)
(83,119)(2.927596)(13842)(1)
(159,121)(4.012282)(2906)(1)
(279,122)(3.815874)(8989)(1)
(223,133)(3.948425)(3650)(1)
(243,133)(3.757795)(5210)(1)
(195,135)(3.965280)(3026)(1)
(76,142)(2.084376)(17768)(1)
(112,144)(4.680000)(10820)(1)
(294,156)(3.847493)(15776)(1)
(205,157)(4.132796)(6050)(1)
(96,162)(1.958894)(16328)(1)
(289,178)(4.122084)(18629)(1)
(107,181)(1.683395)(17770)(1)
(80,186)(1.693094)(24232)(1)
(223,211)(4.524521)(18002)(1)
(132,215)(4.639358)(22069)(1)
