17
79
66
83
60
142
42
38
112
26
71
83
127
136
55
103
61
10
71
95
48
148
100
51
34
26
69
71
58
148
100
35
53
79
65
95
127
145
169
53
37
28
24
18
58
199
43
52
112
1
91
68
48
148
100
49
189
29
65
65
127
148
167
40
112
31
70
93
53
130
48
38
52
0
71
18
47
134
54
38
112
11
81
65
41
142
37
53
53
2
25
65
58
199
32
34
35
27
85
65
127
134
54
42
49
11
93
94
55
134
55
105
112
46
88
85
42
137
55
103
35
140
91
18
57
130
45
51
63
28
20
66
58
139
43
103
32
29
85
72
58
149
100
35
53
79
66
216
114
139
43
52
112
9
65
92
60
142
43
41
49
1
80
93
115
199
33
41
33
26
85
92
43
136
100
54
37
10
20
86
48
199
43
50
36
29
91
18
51
134
32
40
112
14
88
85
42
138
100
47
57
31
91
81
48
137
32
53
189
14
87
93
127
131
45
32
57
27
85
94
127
151
43
35
53
29
213
18
58
148
48
38
34
79
93
92
44
147
37
43
49
1
80
93
127
138
33
36
49
1
93
65
50
136
55
103
32
29
81
68
58
137
48
46
38
0
71
18
58
138
100
54
37
14
90
70
54
131
37
35
53
79
85
18
47
136
42
51
63
79
80
87
127
142
42
51
53
29
85
85
54
149
33
42
112
12
91
95
127
148
33
50
112
28
93
65
43
130
41
38
124
79
93
92
43
130
54
33
53
29
93
92
59
136
100
50
62
28
20
81
48
138
100
40
35
79
91
71
43
149
43
52
112
14
20
66
48
137
48
40
112
11
81
18
43
136
54
41
49
66
88
93
127
142
41
55
34
10
66
91
44
10
50
34
60
67
20
87
127
148
33
50
112
28
65
81
58
148
55
40
112
12
91
92
44
142
55
51
53
79
81
95
127
131
33
52
51
0
86
64
54
149
100
40
112
30
65
87
127
139
44
34
112
10
71
70
190
199
37
36
63
1
64
87
60
130
42
35
63
65

