0.000000
0.000000
0.000000
0.000000
0.000000
0.000000
0.000000
0.000000
0.000000
0.000000
0.000000
0.000000
0.000000
0.000000
0.000000
0.000000
0.000000
0.000000
0.000000
0.000000
0.000000
0.000000
0.000000
0.000000
0.000000
0.000000
0.000000
0.000000
0.000000
0.000000
0.000000
0.000000
0.153329
0.000077
0.000932
0.000000
0.000012
0.000042
0.000036
0.000006
0.000992
0.000998
0.000024
0.000000
0.012689
0.002446
0.007012
0.000030
0.001532
0.004388
0.001217
0.001063
0.000903
0.001330
0.001104
0.001027
0.001829
0.001651
0.000600
0.000208
0.000000
0.000000
0.000000
0.000018
0.000000
0.002803
0.002025
0.002803
0.001318
0.002613
0.000956
0.001413
0.000511
0.001544
0.000879
0.000053
0.000689
0.001389
0.001128
0.001544
0.002755
0.000131
0.001520
0.001787
0.000837
0.000938
0.001140
0.000143
0.000190
0.000006
0.000024
0.000956
0.000000
0.000956
0.000000
0.000000
0.000000
0.095549
0.006811
0.025146
0.041902
0.083294
0.006727
0.009126
0.004471
0.055345
0.001229
0.000071
0.022017
0.029492
0.040103
0.081946
0.019856
0.004875
0.056610
0.058154
0.035632
0.025787
0.009690
0.000071
0.001781
0.000089
0.002120
0.000000
0.000101
0.000000
0.000000
0.000000
0.000000
0.000000
0.000000
0.000000
0.000000
0.000000
0.000000
0.000000
0.000000
0.000000
0.000000
0.000000
0.000000
0.000000
0.000000
0.000000
0.000000
0.000000
0.000000
0.000000
0.000000
0.000000
0.000000
0.000000
0.000000
0.000000
0.000000
0.000000
0.000000
0.000000
0.000000
0.000000
0.000000
0.000000
0.000000
0.000000
0.000000
0.000000
0.000000
0.000000
0.000000
0.000000
0.000000
0.000000
0.000000
0.000000
0.000000
0.000000
0.000000
0.000000
0.000000
0.000000
0.000000
0.000000
0.000000
0.000000
0.000000
0.000000
0.000000
0.000000
0.000000
0.000000
0.000000
0.000000
0.000000
0.000000
0.000000
0.000000
0.000000
0.000000
0.000000
0.000000
0.000000
0.000000
0.000000
0.000000
0.000000
0.000000
0.000000
0.000000
0.000000
0.000000
0.000000
0.000000
0.000000
0.000000
0.000000
0.000000
0.000000
0.000000
0.000000
0.000000
0.000000
0.000000
0.000000
0.000000
0.000000
0.000000
0.000000
0.000000
0.000000
0.000000
0.000000
0.000000
0.000000
0.000000
0.000000
0.000000
0.000000
0.000000
0.000000
0.000000
0.000000
0.000000
0.000000
0.000000
0.000000
0.000000
0.000000
0.000000
0.000000
0.000000
0.000000
0.000000
0.000000
0.000000
0.000000
0.000000
